
Total memory size: 393216 B, 384 KiB, 0 MiB

 Step    Time, s Interact/s  GFLOP/s
    0  1.156e-01  2.322e+09     39.5 (warm up)
    1  6.714e-02  3.998e+09     68.0 (warm up)
    2  6.663e-02  4.029e+09     68.5 (warm up)
    3  3.729e-02  7.198e+09    122.4
    4  3.221e-02  8.335e+09    141.7
    5  3.207e-02  8.371e+09    142.3
    6  3.201e-02  8.385e+09    142.5
    7  3.234e-02  8.301e+09    141.1
    8  3.200e-02  8.388e+09    142.6
    9  3.196e-02  8.400e+09    142.8
   10  3.240e-02  8.285e+09    140.9
   11  3.201e-02  8.385e+09    142.6
   12  3.201e-02  8.385e+09    142.6
-----------------------------------------------------
Average performance:           140.1 +- 0.0 GFLOP/s
-----------------------------------------------------