
Total memory size: 393216 B, 384 KiB, 0 MiB

 Step    Time, s Interact/s  GFLOP/s
    0  7.806e-02  3.439e+09     58.5 (warm up)
    1  6.819e-02  3.936e+09     66.9 (warm up)
    2  5.791e-02  4.635e+09     78.8 (warm up)
    3  3.377e-02  7.950e+09    135.1
    4  3.345e-02  8.026e+09    136.4
    5  3.327e-02  8.069e+09    137.2
    6  3.337e-02  8.043e+09    136.7
    7  3.303e-02  8.127e+09    138.2
    8  3.320e-02  8.085e+09    137.4
    9  3.294e-02  8.150e+09    138.6
   10  3.340e-02  8.036e+09    136.6
   11  3.307e-02  8.116e+09    138.0
   12  3.304e-02  8.125e+09    138.1
-----------------------------------------------------
Average performance:           137.2 +- 0.0 GFLOP/s
-----------------------------------------------------